Initial x:
12.4000
-34.1000
1235.5000
-481.2000
-165.6500
1518.8500
-1499.8000
1549.7500
-1018.4000
547.6000
283.2500
573.8000
-455.4000
394.1000
1019.5500
-1575.2500
iteration = 2:
-404.4750
642.1438
1587.0934
-300.7736
709.5063
658.9009
40.8325
602.0187
-306.7376
158.8591
1037.9256
822.1945
-352.8708
1105.2544
861.0238
-1364.8044
iteration = 3:
-61.3733
1083.3255
1582.6639
485.0156
175.1140
1396.9013
-128.8212
860.5606
-517.5537
356.9306
1409.0994
838.8666
76.8480
1231.9530
952.0855
-1322.1379
iteration = 4:
266.0132
1030.7911
2158.2813
314.0588
432.2036
1445.6991
58.4233
802.5915
-590.7392
593.8603
1470.4171
1049.8456
264.6044
1340.1570
1004.3734
-1311.2242
iteration = 5:
50.6328
1329.0867
2230.9786
422.8855
468.6933
1575.8447
133.6346
698.6760
-528.1824
655.4080
1572.6799
1193.1749
385.3589
1411.4748
1028.7640
-1310.7279
iteration = 6:
228.1570
1460.9072
2329.7024
444.8212
516.7609
1688.6339
110.3893
679.4440
-511.5765
700.3189
1656.4322
1293.2855
466.6149
1454.1506
1037.4545
-1313.8190
iteration = 7:
285.3200
1558.0562
2381.1778
448.2386
587.7220
1727.7976
99.4913
665.6673
-506.2318
735.8497
1720.0639
1364.7022
520.7003
1477.6389
1038.0580
-1317.7690
iteration = 8:
333.1951
1625.1569
2393.3218
472.2264
631.0629
1746.6966
91.1910
652.7659
-503.6063
763.6515
1768.0720
1415.8375
555.8148
1489.1003
1034.9628
-1321.4635
iteration = 9:
374.3668
1654.7828
2403.7619
494.2702
657.8700
1756.6366
82.9287
641.5202
-501.7149
785.4620
1804.3957
1452.2305
577.8574
1493.4228
1030.5779
-1324.5084
iteration = 10:
391.5938
1667.4936
2413.6392
511.7680
675.2933
1761.3041
74.8237
632.2254
-499.9923
802.7595
1831.9164
1477.8275
591.0770
1493.7757
1026.1421
-1326.8365
iteration = 11:
397.7675
1673.5486
2422.1028
525.2812
686.8412
1762.7857
67.3046
624.7773
-498.2367
816.6294
1852.7226
1495.5435
598.4877
1492.1334
1022.2238
-1328.5202
iteration = 12:
399.8398
1676.9204
2429.0660
535.5851
694.4647
1762.4328
60.6289
618.9456
-496.3829
827.8299
1868.3652
1507.5575
602.1879
1489.6747
1019.0219
-1329.6787
iteration = 13:
400.4577
1679.1381
2434.7150
543.3499
699.4098
1761.1031
54.8826
614.4837
-494.4375
836.8942
1880.0264
1515.4978
603.6084
1487.0653
1016.5436
-1330.4358
iteration = 14:
400.5928
1680.8156
2439.2619
549.1348
702.5262
1759.3214
50.0481
611.1599
-492.4462
844.2126
1888.6244
1520.5728
603.7032
1484.6506
1014.7073
-1330.9003
iteration = 15:
400.6083
1682.2015
2442.8943
553.3993
704.4038
1757.3984
46.0562
608.7646
-490.4704
850.0868
1894.8797
1523.6695
603.0913
1482.5823
1013.3994
-1331.1605
iteration = 16:
400.6327
1683.3929
2445.7739
556.5126
705.4510
1755.5117
42.8154
607.1112
-488.5708
854.7619
1899.3589
1525.4308
602.1611
1480.9012
1012.5046
-1331.2843
iteration = 17:
400.6989
1684.4261
2448.0408
558.7640
705.9492
1753.7579
40.2277
606.0365
-486.7976
858.4441
1902.5066
1526.3157
601.1456
1479.5886
1011.9199
-1331.3214
iteration = 18:
400.8029
1685.3167
2449.8147
560.3757
706.0918
1752.1849
38.1966
605.4006
-485.1869
861.3100
1904.6686
1526.6463
600.1756
1478.5980
1011.5595
-1331.3070
iteration = 19:
400.9302
1686.0761
2451.1963
561.5153
706.0111
1750.8107
36.6313
605.0867
-483.7593
863.5115
1906.1119
1526.6440
599.3161
1477.8736
1011.3557
-1331.2651
iteration = 20:
401.0663
1686.7167
2452.2681
562.3081
705.7976
1749.6358
35.4491
604.9997
-482.5221
865.1786
1907.0401
1526.4576
598.5922
1477.3604
1011.2572
-1331.2114
iteration = 21:
401.2008
1687.2522
2453.0965
562.8473
705.5129
1748.6499
34.5763
605.0643
-481.4717
866.4214
1907.6064
1526.1838
598.0052
1477.0091
1011.2262
-1331.1555
iteration = 22:
401.3274
1687.6970
2453.7342
563.2017
705.1985
1747.8369
33.9489
605.2230
-480.5967
867.3319
1907.9243
1525.8833
597.5438
1476.7783
1011.2359
-1331.1030
iteration = 23:
401.4429
1688.0645
2454.2225
563.4228
704.8818
1747.1775
33.5125
605.4328
-479.8810
867.9862
1908.0769
1525.5918
597.1909
1476.6346
1011.2679
-1331.0567
iteration = 24:
401.5463
1688.3670
2454.5938
563.5487
704.5801
1746.6514
33.2217
605.6631
-479.3054
868.4456
1908.1236
1525.3285
596.9280
1476.5520
1011.3099
-1331.0177
iteration = 25:
401.6378
1688.6149
2454.8736
563.6080
704.3039
1746.2388
33.0393
605.8931
-478.8503
868.7595
1908.1061
1525.1017
596.7372
1476.5107
1011.3544
-1330.9860
iteration = 26:
401.7180
1688.8173
2455.0818
563.6218
704.0585
1745.9207
32.9356
606.1096
-478.4965
868.9665
1908.0532
1524.9134
596.6025
1476.4964
1011.3967
-1330.9610
iteration = 27:
401.7878
1688.9817
2455.2343
563.6058
703.8458
1745.6802
32.8872
606.3049
-478.2260
869.0966
1907.9837
1524.7616
596.5104
1476.4986
1011.4344
-1330.9417
iteration = 28:
401.8481
1689.1141
2455.3438
563.5717
703.6654
1745.5021
32.8761
606.4754
-478.0229
869.1727
1907.9098
1524.6423
596.4499
1476.5101
1011.4666
-1330.9272
iteration = 29:
401.8996
1689.2200
2455.4202
563.5278
703.5153
1745.3733
32.8890
606.6204
-477.8733
869.2118
1907.8387
1524.5507
596.4121
1476.5261
1011.4932
-1330.9167
iteration = 30:
401.9433
1689.3037
2455.4716
563.4800
703.3927
1745.2829
32.9159
606.7408
-477.7655
869.2266
1907.7746
1524.4819
596.3904
1476.5435
1011.5144
-1330.9092
iteration = 31:
401.9799
1689.3691
2455.5043
563.4322
703.2943
1745.2216
32.9499
606.8389
-477.6896
869.2260
1907.7190
1524.4315
596.3796
1476.5603
1011.5310
-1330.9040
iteration = 32:
402.0103
1689.4195
2455.5233
563.3871
703.2166
1745.1821
32.9862
606.9171
-477.6379
869.2164
1907.6726
1524.3955
596.3758
1476.5756
1011.5436
-1330.9006
iteration = 33:
402.0350
1689.4576
2455.5327
563.3462
703.1565
1745.1585
33.0217
606.9785
-477.6039
869.2023
1907.6347
1524.3705
596.3765
1476.5888
1011.5529
-1330.8984
iteration = 34:
402.0550
1689.4859
2455.5354
563.3102
703.1108
1745.1461
33.0545
607.0257
-477.5828
869.1865
1907.6046
1524.3537
596.3798
1476.5999
1011.5597
-1330.8972
iteration = 35:
402.0708
1689.5065
2455.5337
563.2794
703.0767
1745.1413
33.0836
607.0613
-477.5707
869.1707
1907.5812
1524.3429
596.3842
1476.6089
1011.5645
-1330.8965
iteration = 36:
402.0831
1689.5209
2455.5293
563.2536
703.0519
1745.1416
33.1087
607.0877
-477.5648
869.1562
1907.5634
1524.3364
596.3891
1476.6160
1011.5678
-1330.8963
iteration = 37:
402.0925
1689.5307
2455.5235
563.2324
703.0343
1745.1449
33.1297
607.1068
-477.5629
869.1433
1907.5501
1524.3329
596.3938
1476.6215
1011.5699
-1330.8963
iteration = 38:
402.0995
1689.5370
2455.5172
563.2154
703.0223
1745.1499
33.1470
607.1203
-477.5637
869.1322
1907.5404
1524.3314
596.3981
1476.6257
1011.5712
-1330.8965
iteration = 39:
402.1046
1689.5407
2455.5109
563.2020
703.0144
1745.1556
33.1608
607.1295
-477.5659
869.1231
1907.5335
1524.3312
596.4019
1476.6288
1011.5720
-1330.8968
iteration = 40:
402.1083
1689.5426
2455.5049
563.1916
703.0095
1745.1613
33.1717
607.1356
-477.5688
869.1157
1907.5288
1524.3317
596.4051
1476.6310
1011.5723
-1330.8970
iteration = 41:
402.1108
1689.5432
2455.4996
563.1837
703.0068
1745.1668
33.1801
607.1394
-477.5719
869.1099
1907.5256
1524.3327
596.4077
1476.6326
1011.5724
-1330.8973
iteration = 42:
402.1124
1689.5430
2455.4949
563.1778
703.0056
1745.1717
33.1865
607.1416
-477.5750
869.1054
1907.5236
1524.3338
596.4098
1476.6337
1011.5724
-1330.8976
iteration = 43:
402.1134
1689.5423
2455.4910
563.1736
703.0054
1745.1760
33.1912
607.1426
-477.5778
869.1019
1907.5225
1524.3350
596.4114
1476.6343
1011.5722
-1330.8978
iteration = 44:
402.1139
1689.5414
2455.4877
563.1706
703.0058
1745.1796
33.1947
607.1429
-477.5803
869.0994
1907.5219
1524.3361
596.4126
1476.6348
1011.5721
-1330.8980
iteration = 45:
402.1141
1689.5403
2455.4851
563.1685
703.0065
1745.1826
33.1971
607.1428
-477.5824
869.0975
1907.5216
1524.3371
596.4136
1476.6350
1011.5719
-1330.8981
iteration = 46:
402.1141
1689.5392
2455.4830
563.1672
703.0074
1745.1850
33.1988
607.1424
-477.5841
869.0962
1907.5216
1524.3379
596.4143
1476.6351
1011.5717
-1330.8982
iteration = 47:
402.1140
1689.5382
2455.4814
563.1664
703.0084
1745.1869
33.1999
607.1418
-477.5855
869.0953
1907.5218
1524.3386
596.4147
1476.6351
1011.5715
-1330.8983
iteration = 48:
402.1138
1689.5373
2455.4801
563.1659
703.0093
1745.1883
33.2005
607.1412
-477.5866
869.0947
1907.5220
1524.3392
596.4151
1476.6351
1011.5713
-1330.8984
iteration = 49:
402.1135
1689.5366
2455.4792
563.1657
703.0101
1745.1895
33.2009
607.1407
-477.5875
869.0943
1907.5223
1524.3397
596.4153
1476.6351
1011.5712
-1330.8985
iteration = 50:
402.1133
1689.5359
2455.4785
563.1657
703.0109
1745.1903
33.2011
607.1401
-477.5881
869.0941
1907.5225
1524.3400
596.4155
1476.6350
1011.5711
-1330.8985
iteration = 51:
402.1131
1689.5354
2455.4780
563.1658
703.0115
1745.1909
33.2012
607.1397
-477.5886
869.0940
1907.5228
1524.3403
596.4155
1476.6349
1011.5710
-1330.8985
iteration = 52:
402.1129
1689.5349
2455.4777
563.1659
703.0120
1745.1913
33.2011
607.1393
-477.5890
869.0939
1907.5230
1524.3405
596.4156
1476.6349
1011.5710
-1330.8986
iteration = 53:
402.1127
1689.5346
2455.4775
563.1661
703.0124
1745.1916
33.2011
607.1390
-477.5892
869.0939
1907.5232
1524.3406
596.4156
1476.6348
1011.5709
-1330.8986
iteration = 54:
402.1125
1689.5343
2455.4773
563.1663
703.0128
1745.1918
33.2010
607.1387
-477.5894
869.0940
1907.5233
1524.3407
596.4156
1476.6348
1011.5709
-1330.8986
iteration = 55:
402.1124
1689.5341
2455.4773
563.1664
703.0130
1745.1920
33.2009
607.1385
-477.5895
869.0940
1907.5234
1524.3408
596.4156
1476.6347
1011.5708
-1330.8986
iteration = 56:
402.1123
1689.5340
2455.4772
563.1666
703.0132
1745.1920
33.2007
607.1383
-477.5896
869.0941
1907.5235
1524.3409
596.4156
1476.6347
1011.5708
-1330.8986
iteration = 57:
402.1122
1689.5338
2455.4772
563.1667
703.0134
1745.1921
33.2006
607.1382
-477.5896
869.0941
1907.5236
1524.3409
596.4156
1476.6346
1011.5708
-1330.8986
iteration = 58:
402.1122
1689.5338
2455.4772
563.1668
703.0135
1745.1921
33.2006
607.1381
-477.5897
869.0942
1907.5237
1524.3409
596.4155
1476.6346
1011.5708
-1330.8986
iteration = 59:
402.1121
1689.5337
2455.4773
563.1669
703.0136
1745.1921
33.2005
607.1380
-477.5897
869.0942
1907.5237
1524.3409
596.4155
1476.6346
1011.5708
-1330.8986
iteration = 60:
402.1121
1689.5337
2455.4773
563.1669
703.0136
1745.1921
33.2004
607.1380
-477.5897
869.0943
1907.5237
1524.3409
596.4155
1476.6346
1011.5708
-1330.8986
iteration = 61:
402.1121
1689.5337
2455.4773
563.1670
703.0137
1745.1920
33.2004
607.1379
-477.5897
869.0943
1907.5237
1524.3409
596.4155
1476.6346
1011.5708
-1330.8986
iteration = 62:
402.1120
1689.5337
2455.4773
563.1670
703.0137
1745.1920
33.2003
607.1379
-477.5896
869.0943
1907.5238
1524.3409
596.4155
1476.6346
1011.5708
-1330.8986
iteration = 63:
402.1120
1689.5336
2455.4773
563.1671
703.0137
1745.1920
33.2003
607.1379
-477.5896
869.0943
1907.5238
1524.3409
596.4155
1476.6346
1011.5708
-1330.8986
iteration = 64:
402.1120
1689.5336
2455.4774
563.1671
703.0137
1745.1920
33.2003
607.1379
-477.5896
869.0943
1907.5238
1524.3409
596.4155
1476.6346
1011.5708
-1330.8986
iteration = 65:
402.1120
1689.5336
2455.4774
563.1671
703.0137
1745.1920
33.2003
607.1379
-477.5896
869.0944
1907.5238
1524.3409
596.4155
1476.6346
1011.5708
-1330.8986
iteration = 66:
402.1120
1689.5337
2455.4774
563.1671
703.0137
1745.1920
33.2003
607.1379
-477.5896
869.0944
1907.5238
1524.3409
596.4155
1476.6346
1011.5708
-1330.8986
iteration = 67:
402.1120
1689.5337
2455.4774
563.1671
703.0137
1745.1919
33.2002
607.1379
-477.5896
869.0944
1907.5238
1524.3409
596.4155
1476.6346
1011.5708
-1330.8986
iteration = 68:
402.1120
1689.5337
2455.4774
563.1671
703.0137
1745.1919
33.2002
607.1379
-477.5896
869.0944
1907.5238
1524.3409
596.4155
1476.6346
1011.5708
-1330.8986
iteration = 69:
402.1120
1689.5337
2455.4774
563.1672
703.0137
1745.1919
33.2002
607.1379
-477.5896
869.0944
1907.5238
1524.3409
596.4155
1476.6346
1011.5708
-1330.8986
iteration = 70:
402.1120
1689.5337
2455.4774
563.1672
703.0137
1745.1919
33.2002
607.1379
-477.5896
869.0944
1907.5238
1524.3409
596.4155
1476.6346
1011.5708
-1330.8986
iteration = 71:
402.1120
1689.5337
2455.4774
563.1672
703.0137
1745.1919
33.2002
607.1379
-477.5896
869.0944
1907.5238
1524.3409
596.4155
1476.6346
1011.5708
-1330.8986
iteration = 72:
402.1120
1689.5337
2455.4774
563.1672
703.0137
1745.1919
33.2002
607.1379
-477.5896
869.0944
1907.5238
1524.3409
596.4155
1476.6346
1011.5708
-1330.8986
iteration = 73:
402.1120
1689.5337
2455.4774
563.1672
703.0137
1745.1919
33.2002
607.1379
-477.5896
869.0944
1907.5238
1524.3409
596.4155
1476.6346
1011.5708
-1330.8986
iteration = 74:
402.1120
1689.5337
2455.4774
563.1672
703.0137
1745.1919
33.2002
607.1379
-477.5896
869.0944
1907.5238
1524.3409
596.4155
1476.6346
1011.5708
-1330.8986
iteration = 75:
402.1120
1689.5337
2455.4774
563.1672
703.0137
1745.1919
33.2002
607.1379
-477.5896
869.0944
1907.5238
1524.3409
596.4155
1476.6346
1011.5708
-1330.8986
iteration = 76:
402.1120
1689.5337
2455.4774
563.1672
703.0137
1745.1919
33.2002
607.1379
-477.5896
869.0944
1907.5238
1524.3409
596.4155
1476.6346
1011.5708
-1330.8986
iteration = 77:
402.1120
1689.5337
2455.4774
563.1672
703.0137
1745.1919
33.2002
607.1379
-477.5896
869.0944
1907.5238
1524.3409
596.4155
1476.6346
1011.5708
-1330.8986
iteration = 78:
402.1120
1689.5337
2455.4774
563.1672
703.0137
1745.1919
33.2002
607.1379
-477.5896
869.0944
1907.5238
1524.3409
596.4155
1476.6346
1011.5708
-1330.8986
iteration = 79:
402.1120
1689.5337
2455.4774
563.1671
703.0137
1745.1919
33.2002
607.1379
-477.5896
869.0944
1907.5238
1524.3409
596.4155
1476.6346
1011.5708
-1330.8986
iteration = 80:
402.1120
1689.5337
2455.4774
563.1671
703.0137
1745.1919
33.2002
607.1379
-477.5896
869.0944
1907.5238
1524.3409
596.4155
1476.6346
1011.5708
-1330.8986
iteration = 81:
402.1120
1689.5337
2455.4774
563.1671
703.0137
1745.1919
33.2002
607.1379
-477.5896
869.0944
1907.5238
1524.3409
596.4155
1476.6346
1011.5708
-1330.8986
iteration = 82:
402.1120
1689.5337
2455.4774
563.1671
703.0137
1745.1919
33.2002
607.1379
-477.5896
869.0944
1907.5238
1524.3409
596.4155
1476.6346
1011.5708
-1330.8986
iteration = 83:
402.1120
1689.5337
2455.4774
563.1671
703.0137
1745.1919
33.2002
607.1379
-477.5896
869.0944
1907.5238
1524.3409
596.4155
1476.6346
1011.5708
-1330.8986
iteration = 84:
402.1120
1689.5337
2455.4774
563.1671
703.0137
1745.1919
33.2002
607.1379
-477.5896
869.0944
1907.5238
1524.3409
596.4155
1476.6346
1011.5708
-1330.8986
iteration = 85:
402.1120
1689.5337
2455.4774
563.1671
703.0137
1745.1919
33.2002
607.1379
-477.5896
869.0944
1907.5238
1524.3409
596.4155
1476.6346
1011.5708
-1330.8986
iteration = 86:
402.1120
1689.5337
2455.4774
563.1671
703.0137
1745.1919
33.2002
607.1379
-477.5896
869.0944
1907.5238
1524.3409
596.4155
1476.6346
1011.5708
-1330.8986
iteration = 87:
402.1120
1689.5337
2455.4774
563.1671
703.0137
1745.1919
33.2002
607.1379
-477.5896
869.0944
1907.5238
1524.3409
596.4155
1476.6346
1011.5708
-1330.8986
iteration = 88:
402.1120
1689.5337
2455.4774
563.1671
703.0137
1745.1919
33.2002
607.1379
-477.5896
869.0944
1907.5238
1524.3409
596.4155
1476.6346
1011.5708
-1330.8986
iteration = 89:
402.1120
1689.5337
2455.4774
563.1671
703.0137
1745.1919
33.2002
607.1379
-477.5896
869.0944
1907.5238
1524.3409
596.4155
1476.6346
1011.5708
-1330.8986
iteration = 90:
402.1120
1689.5337
2455.4774
563.1671
703.0137
1745.1919
33.2002
607.1379
-477.5896
869.0944
1907.5238
1524.3409
596.4155
1476.6346
1011.5708
-1330.8986
iteration = 91:
402.1120
1689.5337
2455.4774
563.1671
703.0137
1745.1919
33.2002
607.1379
-477.5896
869.0944
1907.5238
1524.3409
596.4155
1476.6346
1011.5708
-1330.8986
